Dataset {
    Float32 lon[lon = 16];
    Float64 time[time = 16];
    Float32 lat[lat = 17];
} Datasets/ncep.reanalysis.dailyavgs/surface_gauss/uwnd.10m.gauss.2014.nc;
---------------------------------------------
lon[16]
78.75, 80.625, 82.5, 84.375, 86.25, 88.125, 90.0, 91.875, 93.75, 95.625, 97.5, 99.375, 101.25, 103.125, 105.0, 106.875

time[16]
1877472.0, 1877496.0, 1877520.0, 1877544.0, 1877568.0, 1877592.0, 1877616.0, 1877640.0, 1877664.0, 1877688.0, 1877712.0, 1877736.0, 1877760.0, 1877784.0, 1877808.0, 1877832.0

lat[17]
-19.9997, -21.9044, -23.8092, -25.7139, -27.6186, -29.5234, -31.4281, -33.3328, -35.2375, -37.1422, -39.047, -40.9517, -42.8564, -44.7611, -46.6658, -48.5705, -50.4752

