86.00 88.00 -39.70 -37.70
86.00 88.00 -37.70 -35.70
86.00 88.00 -35.70 -33.70
86.00 88.00 -33.70 -32.80
88.00 90.00 -39.70 -37.70
88.00 90.00 -37.70 -35.70
88.00 90.00 -35.70 -33.70
88.00 90.00 -33.70 -32.80
90.00 92.00 -39.70 -37.70
90.00 92.00 -37.70 -35.70
90.00 92.00 -35.70 -33.70
90.00 92.00 -33.70 -32.80
92.00 94.00 -39.70 -37.70
92.00 94.00 -37.70 -35.70
92.00 94.00 -35.70 -33.70
92.00 94.00 -33.70 -32.80
94.00 96.00 -39.70 -37.70
94.00 96.00 -37.70 -35.70
94.00 96.00 -35.70 -33.70
94.00 96.00 -33.70 -32.80
96.00 96.40 -39.70 -37.70
96.00 96.40 -37.70 -35.70
96.00 96.40 -35.70 -33.70
96.00 96.40 -33.70 -32.80
